   0.0000000E+00
   1.4613876E-03
   3.0543001E-03
   4.7905748E-03
   6.6831145E-03
   8.7459823E-03
   1.0994509E-02
   1.3445402E-02
   1.6116878E-02
   1.9028785E-02
   2.2202764E-02
   2.5662400E-02
   2.9433405E-02
   3.3543803E-02
   3.8024131E-02
   4.2907689E-02
   4.8230771E-02
   5.4032933E-02
   6.0357280E-02
   6.7250833E-02
   7.4764796E-02
   8.2955018E-02
   9.1882363E-02
   0.1016132    
   0.1122197    
   0.1237809    
   0.1363826    
   0.1501184    
   0.1650904    
   0.1814100    
   0.1991983    
   0.2185875    
   0.2397218    
   0.2627581    
   0.2878678    
   0.3152373    
   0.3450700    
   0.3775877    
   0.4130320    
   0.4516663    
   0.4937776    
   0.5396790    
   0.5897115    
   0.6442470    
   0.7036906    
   0.7684842    
   0.8391092    
   0.9160905    
    1.000000    
    1.083910    
    1.160891    
    1.231516    
    1.296309    
    1.355753    
    1.410288    
    1.460321    
    1.506222    
    1.548334    
    1.586968    
    1.622412    
    1.654930    
    1.684763    
    1.712132    
    1.737242    
    1.760278    
    1.781412    
    1.800802    
    1.818590    
    1.834910    
    1.849882    
    1.863617    
    1.876219    
    1.887780    
    1.898387    
    1.908118    
    1.917045    
    1.925235    
    1.932749    
    1.939643    
    1.945967    
    1.951769    
    1.957092    
    1.961976    
    1.966456    
    1.970567    
    1.974338    
    1.977797    
    1.980971    
    1.983883    
    1.986555    
    1.989005    
    1.991254    
    1.993317    
    1.995209    
    1.996946    
    1.998539    
    2.000000    
   0.0000000E+00
