   0.0000000E+00
   7.3069381E-04
   2.2578440E-03
   3.9224373E-03
   5.7368446E-03
   7.7145481E-03
   9.8702461E-03
   1.2219956E-02
   1.4781140E-02
   1.7572831E-02
   2.0615775E-02
   2.3932582E-02
   2.7547903E-02
   3.1488605E-02
   3.5783969E-02
   4.0465910E-02
   4.5569230E-02
   5.1131852E-02
   5.7195105E-02
   6.3804060E-02
   7.1007818E-02
   7.8859910E-02
   8.7418690E-02
   9.6747756E-02
   0.1069164    
   0.1180003    
   0.1300817    
   0.1432505    
   0.1576044    
   0.1732502    
   0.1903041    
   0.2088929    
   0.2291546    
   0.2512400    
   0.2753130    
   0.3015525    
   0.3301536    
   0.3613288    
   0.3953099    
   0.4323491    
   0.4727220    
   0.5167283    
   0.5646952    
   0.6169792    
   0.6739688    
   0.7360874    
   0.8037967    
   0.8775998    
   0.9580452    
