   0.0000000E+00
   1.4613876E-03
   3.0543001E-03
   4.7905748E-03
   6.6831145E-03
   8.7459823E-03
   1.0994509E-02
   1.3445402E-02
   1.6116878E-02
   1.9028785E-02
   2.2202764E-02
   2.5662400E-02
   2.9433405E-02
   3.3543803E-02
   3.8024131E-02
   4.2907689E-02
   4.8230771E-02
   5.4032933E-02
   6.0357280E-02
   6.7250833E-02
   7.4764796E-02
   8.2955018E-02
   9.1882363E-02
   0.1016132    
   0.1122197    
   0.1237809    
   0.1363826    
   0.1501184    
   0.1650904    
   0.1814100    
   0.1991983    
   0.2185875    
   0.2397218    
   0.2627581    
   0.2878678    
   0.3152373    
   0.3450700    
   0.3775877    
   0.4130320    
   0.4516663    
   0.4937776    
   0.5396790    
   0.5897115    
   0.6442470    
   0.7036906    
   0.7684842    
   0.8391092    
   0.9160905    
    1.000000    
